0.0420
0.1657
0.2608
0.3156
0.3568
0.3780
0.4036
0.4229
0.4401
0.4490
0.4614
0.4689
0.4844
0.4980
0.5020
0.5075
0.5158
0.5281
0.5325
0.5430
0.5379
0.5514
0.5607
0.5627
0.5735
0.5726
0.5718
0.5821
0.5810
0.5900
0.5905
0.5991
0.6022
0.6129
0.6075
0.6185
0.6160
0.6236
0.6242
0.6332
0.6344
0.6397
0.6366
0.6482
0.6481
0.6491
0.6584
0.6599
0.6606
0.6656
0.6706
0.6665
0.6702
0.6713
0.6772
0.6766
0.6810
0.6855
0.6917
0.6897
0.6851
0.6928
0.6981
0.6996
0.6981
0.7028
0.7071
0.7079
0.7016
0.7069
0.7131
0.7156
0.7177
0.7258
0.7202
0.7261
0.7301
0.7266
0.7296
0.7306
0.7294
0.7332
0.7385
0.7358
0.7413
0.7396
0.7409
0.7439
0.7437
0.7444
0.7474
0.7482
0.7474
0.7498
0.7519
0.7556
0.7561
0.7606
0.7582
0.7626
0.7607
0.7647
0.7628
0.7660
0.7652
0.7631
0.7657
0.7717
0.7641
0.7743
0.7742
0.7718
0.7701
0.7752
0.7773
0.7846
0.7737
0.7739
0.7767
0.7818
0.7800
0.7806
0.7776
0.7847
0.7802
0.7735
0.7881
0.7820
0.7890
0.7885
0.7943
0.7896
0.7902
0.7889
0.7927
0.7894
0.7890
0.7942
0.7953
0.7977
0.7974
0.7901
0.7981
0.7917
0.7975
0.8044
0.7921
0.7970
0.8001
0.7972
0.8024
0.8077
0.8013
0.8097
0.8072
0.8102
0.8056
0.8067
0.8022
0.8082
0.8146
0.8046
0.8106
0.8064
0.8097
0.8147
0.8128
0.8123
0.8146
0.8120
0.8171
0.8122
0.8136
0.8146
0.8106
0.8219
0.8134
0.8161
0.8195
0.8150
0.8170
0.8208
