5.7589
4.7052
4.0442
3.7034
3.4871
3.3370
3.2157
3.1074
3.0166
2.9385
2.8716
2.8149
2.7672
2.6775
2.6417
2.6121
2.5732
2.5211
2.4937
2.4559
2.4237
2.3966
2.3590
2.3290
2.2872
2.2640
2.2706
2.2076
2.1937
2.1638
2.1317
2.1062
2.0879
2.0676
2.0628
2.0161
2.0037
1.9829
1.9801
1.9367
1.9482
1.9187
1.9084
1.8893
1.8666
1.8507
1.8356
1.8120
1.7986
1.7813
1.7645
1.7724
1.7531
1.7477
1.7226
1.7198
1.6942
1.6799
1.6700
1.6566
1.6619
1.6410
1.6216
1.6112
1.5987
1.5980
1.5784
1.5677
1.5688
1.5657
1.5583
1.5411
1.5044
1.5045
1.5108
1.5016
1.4838
1.4815
1.4708
1.4764
1.4754
1.4642
1.4423
1.4468
1.4255
1.4332
1.4238
1.4197
1.4077
1.4058
1.3939
1.3879
1.4017
1.3773
1.3867
1.3705
1.3741
1.3501
1.3477
1.3460
1.3398
1.3467
1.3281
1.3167
1.3290
1.3209
1.3110
1.2940
1.3184
1.3010
1.2809
1.2902
1.3008
1.2855
1.2848
1.2467
1.2774
1.2812
1.2651
1.2615
1.2701
1.2586
1.2563
1.2489
1.2490
1.2648
1.2354
1.2506
1.2334
1.2220
1.2155
1.2249
1.2133
1.2233
1.2175
1.2161
1.2145
1.1976
1.1924
1.1910
1.1856
1.2040
1.1995
1.2029
1.1887
1.1715
1.2056
1.1797
1.1728
1.1795
1.1680
1.1593
1.1712
1.1510
1.1395
1.1489
1.1544
1.1508
1.1549
1.1385
1.1298
1.1510
1.1454
1.1455
1.1500
1.1324
1.1265
1.1385
1.1206
1.1286
1.1272
1.1314
1.1253
1.1284
1.1242
1.1074
1.1313
1.1060
1.1109
1.1202
1.1196
1.1099
