0.0695
0.2141
0.3038
0.3562
0.3913
0.4185
0.4417
0.4614
0.4731
0.4874
0.5000
0.5093
0.5166
0.5296
0.5303
0.5432
0.5491
0.5520
0.5637
0.5610
0.5755
0.5776
0.5865
0.5888
0.5924
0.6001
0.6010
0.6044
0.6138
0.6122
0.6152
0.6205
0.6190
0.6347
0.6324
0.6341
0.6401
0.6416
0.6354
0.6372
0.6471
0.6443
0.6536
0.6527
0.6587
0.6562
0.6521
0.6615
0.6671
0.6619
0.6658
0.6680
0.6649
0.6715
0.6771
0.6782
0.6825
0.6740
0.6789
0.6826
0.6837
0.6861
0.6870
0.6853
0.6931
0.6886
0.6919
0.6942
0.6916
0.6971
0.6934
0.6913
0.6934
0.6976
0.7001
0.6987
0.6979
0.7022
0.7096
0.7111
0.7036
0.7074
0.7136
0.7122
0.7141
0.7148
0.7123
0.7128
0.7210
0.7165
0.7211
0.7196
0.7174
0.7262
0.7186
0.7273
0.7294
0.7244
0.7241
0.7275
0.7281
0.7268
0.7257
0.7369
0.7304
0.7278
0.7366
0.7343
0.7326
0.7326
0.7376
0.7380
0.7358
0.7356
0.7399
0.7408
0.7367
0.7398
0.7406
0.7412
0.7421
0.7428
0.7381
