5.7361
4.6395
4.0316
3.7066
3.4607
3.2966
3.1621
3.0453
2.9595
2.8531
2.7856
2.7063
2.6519
2.5986
2.5551
2.4918
2.4332
2.4001
2.3305
2.3153
2.2611
2.2274
2.1957
2.1663
2.1367
2.1047
2.0820
2.0366
2.0129
1.9911
1.9773
1.9376
1.9221
1.8831
1.8729
1.8560
1.8324
1.8235
1.8365
1.8153
1.7825
1.7701
1.7375
1.7242
1.7089
1.7103
1.6975
1.6747
1.6462
1.6504
1.6432
1.6293
1.6241
1.6027
1.6047
1.5840
1.5685
1.5845
1.5686
1.5417
1.5488
1.5267
1.5283
1.5237
1.5212
1.5156
1.4944
1.4858
1.4862
1.4725
1.4896
1.4746
1.4675
1.4664
1.4469
1.4461
1.4434
1.4354
1.4229
1.4178
1.4211
1.4110
1.4002
1.3959
1.3989
1.3869
1.3865
1.3927
1.3744
1.3579
1.3572
1.3653
1.3672
1.3520
1.3595
1.3513
1.3403
1.3531
1.3510
1.3286
1.3389
1.3294
1.3357
1.3054
1.3302
1.3247
1.3032
1.3098
1.3101
1.3118
1.2917
1.2929
1.2947
1.2925
1.2961
1.2762
1.2947
1.2677
1.2784
1.2746
1.2706
1.2663
1.2787
