0.0979
0.3132
0.4252
0.4718
0.5097
0.5470
0.5723
0.5927
0.6175
0.6378
0.6554
0.6681
0.6811
0.6984
0.7065
0.7275
0.7257
0.7464
0.7525
0.7632
0.7757
0.7815
0.7855
0.7988
0.8051
0.8157
0.8216
0.8241
0.8303
0.8357
0.8464
0.8436
0.8597
0.8489
0.8599
0.8676
0.8692
0.8731
0.8745
0.8782
0.8831
0.8875
0.8889
0.8859
0.8882
0.8934
0.8951
0.8952
0.8974
0.9001
0.8987
0.9024
0.9040
0.9039
0.9082
0.9071
0.9070
0.9125
0.9087
0.9090
0.9156
0.9156
0.9101
0.9154
0.9135
0.9185
0.9208
0.9158
0.9197
0.9212
0.9173
0.9224
0.9193
0.9217
0.9254
0.9260
0.9262
0.9213
0.9247
0.9237
0.9256
0.9297
0.9250
0.9293
0.9272
0.9290
0.9289
0.9270
0.9270
0.9314
0.9293
0.9304
0.9298
0.9361
0.9262
0.9288
0.9291
0.9324
0.9341
0.9352
0.9314
0.9325
0.9330
0.9312
0.9352
0.9352
0.9382
0.9356
0.9372
0.9337
0.9339
0.9337
0.9344
0.9367
0.9338
0.9366
0.9337
0.9358
0.9348
0.9356
0.9383
0.9387
0.9357
0.9417
0.9353
0.9381
0.9331
0.9382
0.9395
0.9361
0.9316
0.9453
0.9383
0.9437
0.9346
0.9378
0.9427
0.9305
0.9428
0.9379
0.9382
0.9368
0.9371
0.9401
0.9402
0.9342
0.9412
0.9387
0.9384
0.9398
0.9392
0.9389
0.9382
0.9417
0.9420
0.9409
0.9400
0.9413
0.9410
0.9384
0.9434
0.9421
0.9377
0.9409
0.9421
0.9411
0.9409
0.9373
0.9358
0.9446
0.9416
0.9357
0.9424
0.9452
0.9405
0.9425
0.9435
0.9454
0.9403
0.9384
