5.2839
3.7600
3.1860
2.9127
2.7051
2.5413
2.4265
2.3077
2.2107
2.1210
2.0592
1.9807
1.9199
1.8526
1.7967
1.7281
1.7139
1.6565
1.6149
1.5578
1.5112
1.4776
1.4531
1.4093
1.3871
1.3381
1.3176
1.2946
1.2717
1.2537
1.2187
1.2056
1.1653
1.1744
1.1389
1.1085
1.0965
1.0869
1.0715
1.0536
1.0345
1.0172
1.0015
1.0035
0.9934
0.9713
0.9556
0.9554
0.9439
0.9286
0.9271
0.9159
0.9046
0.8959
0.8814
0.8810
0.8724
0.8588
0.8656
0.8593
0.8314
0.8335
0.8459
0.8274
0.8146
0.8057
0.8017
0.8000
0.7965
0.7920
0.7915
0.7830
0.7746
0.7695
0.7696
0.7548
0.7491
0.7636
0.7487
0.7522
0.7480
0.7385
0.7380
0.7327
0.7355
0.7161
0.7196
0.7198
0.7240
0.7083
0.7134
0.7028
0.7020
0.6899
0.7080
0.6965
0.6959
0.6895
0.6933
0.6839
0.6870
0.6831
0.6830
0.6840
0.6791
0.6742
0.6623
0.6673
0.6625
0.6713
0.6664
0.6683
0.6670
0.6584
0.6629
0.6622
0.6629
0.6530
0.6563
0.6528
0.6505
0.6491
0.6532
0.6355
0.6513
0.6430
0.6510
0.6478
0.6425
0.6494
0.6523
0.6253
0.6392
0.6277
0.6450
0.6361
0.6233
0.6555
0.6218
0.6333
0.6281
0.6319
0.6295
0.6268
0.6230
0.6368
0.6180
0.6303
0.6275
0.6188
0.6233
0.6264
0.6285
0.6105
0.6138
0.6169
0.6184
0.6193
0.6117
0.6215
0.6119
0.6056
0.6221
0.6123
0.6100
0.6145
0.6128
0.6192
0.6263
0.6034
0.6087
0.6240
0.6057
0.6016
0.6118
0.6093
0.6039
0.5955
0.6141
0.6117
