0.0259
0.0940
0.1747
0.2397
0.2791
0.3169
0.3410
0.3604
0.3830
0.3880
0.4024
0.4241
0.4295
0.4466
0.4473
0.4613
0.4596
0.4746
0.4857
0.4907
0.4960
0.4944
0.5051
0.5137
0.5120
0.5164
0.5253
0.5291
0.5347
0.5466
0.5376
0.5448
0.5496
0.5561
0.5555
0.5560
0.5674
0.5680
0.5717
0.5835
0.5784
0.5830
0.5815
0.5845
0.5885
0.5913
0.5982
0.5948
0.5995
0.6071
0.6018
0.6127
0.6069
0.6146
0.6093
0.6210
0.6204
0.6240
0.6270
0.6235
0.6331
0.6355
0.6301
0.6332
0.6341
0.6406
0.6485
0.6441
0.6377
0.6496
0.6557
0.6521
0.6514
0.6617
0.6533
0.6612
0.6591
0.6661
0.6600
0.6659
0.6661
0.6626
0.6697
0.6682
0.6716
0.6745
0.6737
0.6737
0.6853
0.6833
0.6810
0.6839
0.6808
0.6884
0.6898
0.6956
0.6955
0.6898
0.6943
0.6901
0.6894
0.6973
0.6933
0.6954
0.6956
0.7026
0.7035
0.7070
0.7058
0.7054
0.7057
0.7016
0.7076
0.7110
0.7069
0.7135
0.7105
0.7096
0.7124
0.7103
0.7139
0.7212
0.7071
0.7258
0.7169
0.7186
0.7205
0.7121
0.7282
0.7225
0.7212
0.7279
0.7221
0.7220
0.7217
0.7269
0.7295
0.7289
0.7261
0.7371
0.7358
0.7303
0.7262
0.7370
0.7367
0.7393
0.7300
0.7376
0.7386
0.7311
0.7384
0.7414
0.7380
0.7361
0.7423
0.7423
0.7449
0.7476
0.7445
0.7397
0.7438
0.7510
0.7462
0.7474
0.7500
0.7507
0.7511
0.7563
0.7515
0.7518
0.7477
0.7490
0.7499
0.7520
0.7605
0.7572
0.7580
0.7546
0.7582
0.7576
0.7534
0.7568
0.7474
0.7554
0.7584
0.7551
0.7601
0.7608
0.7601
0.7623
0.7617
0.7625
0.7570
0.7642
0.7680
0.7683
0.7636
0.7650
0.7647
0.7622
0.7644
0.7751
0.7624
0.7641
0.7590
0.7667
0.7651
