5.9120
5.2231
4.5154
4.0740
3.8055
3.5901
3.4747
3.3153
3.2058
3.1491
3.0676
2.9890
2.9374
2.8504
2.8110
2.7676
2.7462
2.6748
2.6417
2.6072
2.5740
2.5515
2.5050
2.4849
2.4551
2.4440
2.3775
2.3834
2.3449
2.3296
2.3154
2.2988
2.2485
2.2345
2.2416
2.2058
2.1878
2.1680
2.1344
2.1052
2.1221
2.0811
2.0808
2.0586
2.0565
2.0277
2.0057
2.0123
1.9770
1.9686
1.9649
1.9198
1.9320
1.9305
1.9157
1.8962
1.8838
1.8741
1.8674
1.8474
1.8379
1.8240
1.8197
1.8275
1.7975
1.7813
1.7715
1.7633
1.7743
1.7491
1.7454
1.7206
1.7280
1.7219
1.7119
1.6965
1.6979
1.6727
1.6864
1.6705
1.6655
1.6617
1.6471
1.6483
1.6399
1.6285
1.6110
1.6174
1.5976
1.5997
1.6068
1.5896
1.5878
1.5673
1.5668
1.5429
1.5423
1.5631
1.5509
1.5582
1.5549
1.5301
1.5471
1.5272
1.5358
1.5098
1.5032
1.5108
1.4982
1.4932
1.4936
1.5036
1.4779
1.4906
1.4996
1.4790
1.4729
1.4806
1.4626
1.4645
1.4520
1.4333
1.4725
1.4195
1.4521
1.4284
1.4318
1.4509
1.3984
1.4197
1.4256
1.4167
1.4245
1.4138
1.4211
1.4071
1.3958
1.3958
1.4123
1.3886
1.3858
1.3954
1.4012
1.3839
1.3772
1.3680
1.3876
1.3582
1.3803
1.3714
1.3632
1.3489
1.3690
1.3687
1.3530
1.3536
1.3357
1.3370
1.3593
1.3457
1.3580
1.3309
1.3525
1.3407
1.3367
1.3178
1.3216
1.3131
1.3207
1.3176
1.3368
1.3210
1.3166
1.3199
1.2959
1.3110
1.3101
1.3041
1.2890
1.3056
1.3137
1.2900
1.3106
1.2996
1.2979
1.3033
1.2838
1.2857
1.2755
1.2895
1.2826
1.2736
1.2928
1.2851
1.2679
1.2671
1.2768
1.2737
1.2754
1.2847
1.2689
1.2384
1.2652
1.2793
1.2718
1.2672
1.2636
